517463
517466
517464
517467
517465
517462
517468
517469
517446
517445
517444
517461
517447
517443
517442
517459
517460
517457
517458
517451
517456
517448
517449
517452
517454
517453
517450
517455
517436
517439
517437
517441
517438
517440
517385
517384
517383
517382
517381
517380
517387
517386
517426
517429
517424
517425
517427
517428
517422
517423
517421
517397
517401
517403
517405
517409
517411
517413
517407
517399
517414
517417
517419
517418
517415
517416
517435
517434
517433
517432
517431
517430
517396
517398
517400
517402
517404
517406
517408
517410
517412
517420
517314
517313
517315
517318
517316
517319
517317
517306
517305
517301
517302
517303
517304
517300
517296
517298
517290
517291
517292
517293
517294
517289
517312
517311
517310
517309
517308
517307
517295
517299
517297
517571
517573
517574
517572
517280
517287
517281
517282
517283
517288
517284
517285
517286
517393
517394
517347
517348
517349
517350
517351
517354
517353
517352
517388
517389
517390
517391
517395
517392
517363
517360
517364
517365
517361
517362
517339
517346
517340
517341
517342
517343
517344
517345
517378
517366
517375
517376
517368
517370
517371
517373
517369
517372
517374
517377
517367
517379
517355
517358
517359
517357
517356
517328
517327
517329
517330
517331
517332
517333
517334
517335
517336
517337
517338
517767
517324
517320
517326
517325
517321
517322
517323
517570
517569
517566
517567
517568
517267
517269
517268
517266
517271
517270
517279
517278
517276
517273
517272
517277
517274
517275
517236
517235
517234
517233
517232
517231
517230
517229
517223
517220
517221
517222
517228
517227
517226
517225
517224
517102
517205
517215
517207
517219
517217
517211
517203
517209
517213
517210
517218
517212
517214
517206
517216
517204
517202
517208
517473
517474
517472
516675
509564
517263
517260
517264
517262
517265
517261
517250
517249
517248
517252
517251
517253
517247
517244
517246
517242
517237
517239
517240
517241
517238
517254
517255
517256
517257
517258
517259
517243
517245
517199
517200
517201
517198
517172
517173
517169
517170
517168
517171
517176
517178
517180
517181
517183
517185
517186
517187
517184
517182
517175
517179
517177
517161
517165
517174
517162
517167
517166
517163
517164
517137
517139
517138
517136
517135
517134
517193
517188
517189
517190
517191
517192
517194
517196
517197
517124
517122
517123
517127
517126
517125
517118
517121
517119
517159
517153
517154
517155
517156
517157
517158
517160
517113
517116
517114
517117
517112
517115
517133
517132
517129
517131
517130
517128
517195
517120
517548
517549
517145
517140
517150
517149
517148
517147
517146
517151
517144
517143
517142
517141
517103
517111
517109
517110
517108
517104
517105
517106
517107
517100
517097
517096
517101
517098
517099
517090
517093
517094
517091
517092
517089
517085
517086
517088
517087
517083
517084
517075
517070
517071
517072
517073
517077
517076
517074
517078
517081
517079
517080
517082
517002
517005
516998
516999
517000
517001
517003
517004
517066
517068
517065
517067
517063
517064
517069
517025
517021
517029
517017
517015
517027
517019
517023
517031
517026
517028
517030
517016
517014
517018
517020
517024
517022
517059
517062
517061
517060
517057
517058
517056
517049
517048
517047
517046
517045
517044
517039
517043
517041
517035
517033
517032
517036
517034
517037
517050
517051
517052
517053
517054
517055
517038
517040
517042
516947
516952
516951
516950
516949
516948
516953
516957
516956
516955
516954
516946
517008
517006
517010
517011
517012
517013
517009
517007
516937
516936
516933
516935
516934
516938
516926
516925
516924
516922
516921
516923
516918
516919
516920
516912
516911
516913
516914
516915
516916
516930
516928
516931
516927
516932
516929
516917
517470
516973
516972
516970
516969
516967
516971
516968
516966
516909
516902
516903
516904
516907
516906
516905
516910
516908
516980
516984
516979
516981
516982
516983
516958
516959
516960
516961
516962
516963
516965
516964
516989
516991
516992
516994
516996
516997
516986
516987
516985
516988
516990
516993
516995
516977
516974
516978
516975
516976
517471
516943
516939
516940
516941
516942
516945
516944
516889
516886
516887
516891
516890
516892
516888
516884
516880
516885
516881
516883
516882
516873
516868
516869
516870
516871
516872
516865
516867
516864
516861
516858
516859
516860
516862
516863
516875
516874
516879
516876
516877
516878
516866
516899
516893
516897
516895
516894
516898
516900
516896
516857
516853
516855
516854
516856
516852
516851
516850
516901
516713
516712
516714
516847
516846
516840
516843
516842
516848
516849
516844
516841
516845
517095
509563
516818
516821
516820
516819
516817
516829
516823
516839
516833
516837
516827
516831
516825
516835
516826
516824
516830
516822
516828
516838
516836
516834
516832
516693
516783
516785
516786
516781
516782
516784
516814
516815
516816
516810
516811
516812
516813
516793
516790
516800
516792
516788
516798
516795
516797
516791
516789
516796
516794
516799
516774
516778
516787
516775
516777
516779
516780
516776
517152
516747
516749
516750
516752
516748
516751
516753
516809
516805
516802
516801
516803
516808
516807
516806
516804
516765
516755
516756
516757
516758
516759
516760
516761
516762
516763
516764
516754
516735
516736
516737
516738
516739
516740
516730
516732
516734
516723
516722
516769
516768
516767
516766
516773
516772
516771
516770
516721
516720
516719
516718
516717
516716
516708
516706
516707
516709
516710
516711
516725
516726
516727
516724
516729
516728
516715
516742
516741
516743
516744
516745
516746
516702
516705
516700
516701
516703
516704
516696
516695
516694
516699
516698
516697
516733
516731
516328
516663
516659
516660
516667
516665
516666
516664
516662
516661
516658
516668
516669
516671
516670
516672
516653
516657
516656
516655
516654
516592
516589
516588
516590
516591
516593
516586
516587
516652
516648
516649
516650
516651
516646
516647
516524
516636
516637
516635
516634
516639
516638
516633
516631
516632
516629
516626
516627
516625
516624
516628
516640
516643
516642
516641
516644
516645
516630
516523
516521
516522
516518
516519
516520
516506
516511
516509
516508
516507
516510
516505
516503
516501
516611
516613
516617
516615
516603
516609
516607
516605
516619
516513
516512
516517
516515
516516
516514
516604
516612
516606
516610
516602
516614
516618
516608
516616
516502
516504
516500
516498
516497
516499
516496
516495
516597
516594
516600
516598
516601
516599
516596
516595
516568
516569
516570
516567
516566
516565
516574
516576
516578
516580
516582
516584
516572
516581
516571
516583
516575
516577
516573
516579
516585
516560
516563
516564
516562
516561
516553
516558
516554
516552
516559
516557
516555
516556
516548
516550
516544
516546
516545
516551
516549
516547
516487
516485
516494
516486
516491
516490
516489
516488
516492
516493
516534
516533
516532
516535
516536
516537
516538
516539
516540
516541
516543
516542
516531
516530
516526
516527
516525
516528
516529
516471
516467
516468
516469
516470
516472
516473
516466
516484
516477
516479
516482
516480
516483
516478
516481
516298
516462
516464
516463
516461
516465
516449
516450
516453
516452
516451
516454
516448
516446
516444
516431
516432
516430
516429
516435
516434
516433
516436
516442
516441
516440
516438
516439
516437
516456
516455
516457
516458
516459
516460
516443
516445
516447
509562
516426
516421
516428
516422
516427
516424
516420
516425
516423
516297
516411
516417
516415
516413
516419
516416
516410
516414
516418
516412
516398
516399
516400
516401
516407
516403
516409
516405
516408
516402
516406
516404
516397
516391
516392
516393
516394
516396
516388
516389
516390
516366
516370
516369
516367
516368
516365
516374
516378
516382
516371
516380
516384
516376
516386
516372
516375
516377
516379
516381
516383
516385
516373
516358
516362
516395
516363
516359
516360
516361
516364
516353
516356
516355
516354
516357
516352
516351
516350
516341
516347
516346
516345
516344
516343
516342
516349
516340
516339
516338
516348
516299
516335
516336
516337
516332
516333
516334
516331
516323
516319
516320
516324
516321
516322
516317
516318
516315
516311
516313
516309
516312
516308
516310
516326
516330
516329
516327
516325
516314
516316
516307
516306
516300
516301
516304
516305
516303
516302
516292
516291
516293
516296
516294
516295
516286
516289
516287
516280
516283
516290
516285
516288
516284
516279
516282
516281
516256
516253
516254
516255
516252
516257
516241
516240
516242
516243
516244
516245
516239
516236
516237
516234
516230
516232
516235
516231
516233
516247
516248
516249
516250
516251
516246
516238
516275
516276
516277
516274
516273
516259
516258
516260
516261
516262
516263
516264
516215
516225
516227
516229
516223
516219
516217
516221
516218
516226
516228
516222
516220
516216
516224
516213
516212
516214
516271
516272
516196
516203
516197
516198
516199
516270
516269
516268
516267
516266
516265
516202
516201
516200
516129
516126
516127
516128
516673
516130
516131
516113
516115
516116
516117
516118
516114
516112
516108
516110
516119
516106
516107
516102
516104
516105
516103
516125
516123
516124
516122
516121
516120
516111
516109
516204
516207
516205
516211
516206
516209
516210
516208
516620
516176
516179
516178
516174
516175
516177
516195
516182
516184
516186
516188
516180
516190
516192
516189
516181
516185
516193
516183
516191
516187
516172
516169
516194
516171
516170
516173
516278
516095
516094
516093
516096
516098
516099
516100
516092
516101
516097
516160
516161
516166
516162
516165
516164
516167
516163
516674
516145
516151
516148
516147
516150
516146
516149
516144
516143
516142
516141
516140
516154
516157
516158
516153
516159
516152
516156
516155
516622
516621
516623
516474
516136
516133
516134
516139
516138
516137
516132
516135
516475
516476
509561
516080
516081
516082
516083
516077
516079
516078
516037
516029
516035
516034
516036
516038
516031
516030
516032
516033
516091
516087
516088
516089
516090
516084
516085
516086
515903
515902
516043
516042
516041
516040
516039
516045
516044
516046
516014
516020
516012
516024
516028
516026
516022
516018
516016
516021
516027
516023
516025
516017
516011
516013
516015
516019
515883
516070
516075
516071
516074
516072
516076
516073
516058
516061
516060
516063
516059
516062
516054
516056
516057
516009
516010
516008
516047
516052
516051
516050
516048
516049
516069
516068
516067
516066
516065
516064
516053
516055
516006
516007
515972
515970
515973
515971
515969
515982
515980
515988
515976
515978
515986
515974
515984
515975
515977
515989
515979
515981
515983
515985
515987
515968
515965
515961
515967
515964
515963
515962
515966
515990
515995
515996
515992
515993
515994
515998
515997
515991
515999
516000
516001
516003
516002
516004
516005
515956
515959
515958
515957
515960
515955
515954
515953
516387
515940
515937
515935
515939
515938
515936
515927
515926
515928
515923
515924
515925
515922
515920
515921
515914
515915
515918
515916
515917
515913
515904
515931
515932
515930
515929
515933
515934
515919
515944
515946
515947
515941
515942
515943
515945
515952
515951
515950
515949
515948
515905
515906
515907
515908
515909
515910
515911
515912
515898
515899
515897
515896
515901
515900
515890
515894
515892
515891
515893
515886
515895
515885
515884
515889
515888
515887
515866
515869
515868
515864
515867
515863
515865
515859
515862
515860
515861
515856
515857
515858
515844
515847
515849
515845
515846
515848
515843
515841
515878
515881
515880
515879
515854
515853
515852
515851
515850
515855
515842
515839
515840
515838
515837
515836
515835
515834
515833
515873
515877
515870
515871
515876
515875
515874
515872
515800
515805
515799
515804
515803
515806
515802
515801
515514
515822
515824
515818
515816
515820
515823
515817
515819
515821
515815
515826
515830
515832
515828
515827
515829
515831
515825
515814
515807
515812
515811
515813
515810
515809
515808
515779
515777
515782
515781
515780
515778
515761
515763
515757
515758
515756
515759
515762
515760
515794
515784
515786
515788
515790
515792
515796
515785
515787
515783
515789
515797
515793
515795
515791
515772
515775
515774
515776
515773
515701
515703
515706
515702
515704
515707
515705
515699
515700
515765
515768
515767
515771
515766
515770
515764
515769
515732
515735
515736
515734
515731
515733
515719
515720
515721
515722
515724
515723
515715
515717
515718
515740
515741
515739
515742
515743
515737
515738
515713
515708
515709
515710
515711
515712
515726
515727
515729
515728
515725
515730
515714
515716
515744
515754
515753
515752
515751
515750
515745
515755
515749
515748
515747
515746
516168
515554
515549
515550
515552
515553
515551
515542
515541
515540
515539
515538
515537
515534
515533
515536
515687
515689
515685
515690
515684
515688
515686
515527
515528
515529
515530
515531
515532
515544
515543
515545
515548
515547
515546
515535
515516
515683
515682
515681
515680
515679
515678
515677
515665
515666
515668
515667
515669
515670
515692
515693
515694
515691
515698
515697
515696
515695
515664
515663
515662
515882
509560
515649
515647
515652
515653
515654
515648
515650
515651
515660
515659
515658
515657
515655
515656
515671
515676
515675
515672
515674
515673
515661
515641
515638
515639
515640
515646
515645
515644
515642
515637
515643
515515
515616
515617
515618
515615
515614
515585
515586
515587
515582
515583
515584
515632
515636
515626
515634
515620
515630
515622
515628
515624
515603
515601
515599
515597
515589
515591
515593
515595
515602
515594
515592
515590
515588
515600
515596
515598
515579
515575
515619
515621
515623
515625
515627
515631
515633
515635
515629
515576
515578
515580
515577
515581
515607
515604
515605
515606
515612
515611
515610
515608
515613
515609
515570
515573
515572
515571
515574
515569
515568
515567
515517
515560
515565
515564
515563
515562
515561
515566
515559
515558
515557
515556
515555
515526
515521
515520
515519
515522
515525
515524
515523
515513
515510
515511
515512
515508
515509
515507
515505
515501
515503
515504
515502
515506
515497
515496
515498
515499
515500
515495
515486
515489
515490
515488
515487
515493
515491
515492
515494
515469
515465
515463
515464
515467
515466
515468
515478
515470
515471
515472
515476
515475
515474
515473
515477
515479
515483
515480
515482
515481
515402
515401
515400
515395
515396
515397
515398
515399
515403
515418
515424
515428
515432
515426
515430
515416
515422
515420
515425
515427
515429
515431
515415
515417
515419
515421
515423
515460
515461
515462
515459
515458
515457
515448
515447
515449
515445
515446
515450
515442
515440
515444
515433
515434
515435
515436
515438
515437
515452
515456
515455
515454
515453
515451
515443
515441
515439
515408
515404
515407
515409
515405
515406
515411
515410
515106
515296
515300
515297
515298
515303
515302
515301
515304
515299
515358
515353
515354
515355
515356
515357
515359
515360
515379
515375
515377
515374
515378
515376
515394
515392
515390
515380
515382
515384
515386
515388
515381
515383
515385
515391
515387
515393
515389
515369
515372
515373
515370
515371
515368
515361
515367
515362
515365
515363
515366
515364
515329
515331
515330
515327
515328
515332
515333
515318
515319
515315
515316
515317
515320
515312
515313
515314
515305
515308
515307
515310
515306
515309
515325
515324
515323
515322
515321
515326
515311
515337
515334
515335
515339
515338
515340
515336
515344
515349
515348
515347
515346
515345
515350
515343
515342
515341
515352
515351
515282
515281
515287
515283
515284
515285
515286
515798
515294
515288
515293
515290
515295
515291
515289
515292
515104
515103
515239
515238
515240
515241
515244
515243
515237
515236
515242
515252
515248
515249
515250
515251
515245
515246
515247
509559
515277
515280
515275
515278
515276
515279
515267
515268
515266
515263
515264
515265
515262
515259
515260
515215
515217
515216
515214
515253
515256
515254
515255
515258
515257
515274
515273
515270
515269
515272
515271
515261
515231
515233
515225
515235
515229
515223
515219
515221
515227
515234
515232
515230
515220
515218
515222
515224
515226
515228
515212
515209
515208
515207
515213
515210
515211
515206
515205
515187
515186
515184
515185
515189
515188
515203
515199
515201
515191
515193
515195
515197
515196
515198
515190
515202
515204
515192
515194
515200
515181
515177
515182
515183
515180
515178
515179
514781
515518
514782
515172
515175
515174
515173
515176
515171
515170
515169
515105
515160
515165
515164
515163
515162
515161
515166
515159
515158
515157
515168
515167
515152
515153
515154
515151
515155
515156
515150
515138
515142
515141
515140
515139
515143
515137
515133
515135
515127
515128
515129
515130
515132
515131
515145
515149
515148
515147
515146
515144
515136
515134
515120
515126
515121
515125
515124
515122
515123
515119
515102
515098
515101
515100
515097
515099
515117
515114
515108
515111
515118
515115
515116
515113
515112
515109
515110
515107
515088
515090
515089
515086
515091
515085
515084
515087
515078
515077
515079
515080
515081
515083
515092
515093
515094
515095
515096
515082
515074
515071
515072
515073
515075
515076
515013
515014
515015
515016
515018
515019
515020
515021
515062
515063
515060
515059
515061
515064
515057
515055
515058
515050
515048
515049
515051
515052
515053
515065
515067
515068
515069
515070
515066
515017
515054
515056
515047
515037
515031
515045
515033
515043
515035
515041
515039
515030
515032
515034
515038
515046
515040
515042
515044
515036
515029
515023
515028
515022
515024
515027
515025
515026
514948
514945
514946
514947
514949
514950
514951
514935
514936
514937
514938
514934
514933
514932
514942
514939
514944
514940
514941
514943
514931
514929
514930
514927
514922
514923
514924
514926
514925
514928
514996
514992
514995
514994
514997
514993
515002
515012
515008
514998
515006
515010
515004
515000
515005
515001
515003
514999
515009
515011
515007
514987
514990
514988
514989
514991
514920
514919
514921
514912
514913
514914
514915
514916
514917
514918
514977
514978
514974
514973
514972
514971
514975
514976
514979
514982
514985
514983
514984
514981
514980
514986
514953
514957
514955
514952
514956
514954
514958
515412
515414
515413
514963
514968
514967
514966
514965
514964
514970
514962
514961
514960
514959
514969
515484
514719
514720
514911
514907
514910
514905
514904
514909
514906
514908
514862
514861
514863
514864
514865
514866
514867
514860
514721
514894
514895
514893
514891
514896
514892
514859
514852
514851
514857
514853
514858
514854
514855
514856
514884
514883
514882
514881
514880
514879
514876
514878
514874
514901
514900
514902
514903
514899
514897
514898
514868
514869
514871
514870
514872
514873
514886
514888
514887
514885
514890
514889
514877
514875
515485
509558
514700
514850
514846
514848
514844
514840
514842
514847
514849
514841
514843
514845
514831
514825
514829
514830
514824
514821
514823
514828
514826
514827
514832
514822
514834
514838
514836
514833
514835
514837
514839
514816
514813
514812
514819
514815
514820
514817
514818
514814
514792
514791
514790
514795
514794
514793
514801
514805
514803
514808
514799
514797
514810
514796
514798
514800
514802
514807
514809
514811
514804
514787
514783
514806
514788
514789
514786
514785
514784
514773
514778
514776
514775
514774
514777
514780
514779
514722
514756
514758
514757
514755
514759
514760
514745
514746
514747
514748
514768
514761
514762
514763
514764
514765
514766
514767
514769
514770
514771
514772
514743
514744
514742
514740
514738
514733
514736
514734
514735
514731
514732
514753
514749
514751
514750
514754
514752
514739
514741
514737
514726
514723
514729
514728
514727
514730
514725
514724
514713
514716
514714
514718
514715
514717
514708
514711
514712
514710
514709
514707
514705
514706
514703
514702
514704
514701
514691
514692
514693
514690
514689
514685
514688
514687
514686
514684
514683
514682
514681
514669
514667
514670
514672
514673
514668
514671
514617
514616
514614
514615
514660
514657
514656
514655
514658
514659
514653
514654
514651
514644
514645
514647
514648
514649
514646
514663
514665
514664
514661
514662
514666
514652
514650
514611
514610
514613
514612
514677
514674
514675
514679
514678
514680
514676
514627
514639
514637
514631
514643
514629
514641
514633
514635
514634
514632
514640
514636
514630
514642
514628
514626
514638
514624
514620
514618
514621
514622
514625
514623
514619
514591
514589
514588
514590
514587
514592
514607
514605
514602
514600
514598
514596
514594
514609
514593
514595
514597
514599
514601
514604
514606
514608
514585
514582
514603
514584
514583
514586
514510
514511
514507
514508
514515
514514
514512
514516
514509
514513
514574
514581
514576
514578
514580
514579
514575
514577
514560
514557
514559
514556
514565
514555
514558
514561
514562
514563
514554
514564
514553
514570
514571
514572
514566
514573
514569
514567
514568
514546
514542
514541
514543
514544
514545
514529
514528
514530
514531
514532
514533
514527
514524
514525
514548
514547
514549
514550
514552
514551
514534
514519
514520
514521
514517
514518
514522
514539
514538
514535
514536
514537
514540
514526
514523
514496
514493
514494
514498
514497
514492
514495
514325
514489
514485
514490
514486
514491
514488
514487
514453
514450
514448
514447
514446
514445
514451
514452
514449
514476
514477
514478
514475
514473
514474
514502
514499
514500
514501
514505
514503
514504
514506
514470
514472
514468
509557
514455
514456
514457
514461
514460
514458
514459
514454
514467
514462
514463
514464
514465
514466
514484
514483
514482
514481
514480
514479
514469
514471
514324
514432
514444
514440
514438
514428
514436
514434
514442
514430
514431
514441
514443
514437
514433
514435
514429
514427
514439
514425
514424
514426
514423
514393
514397
514396
514395
514392
514394
514399
514401
514403
514405
514407
514409
514411
514413
514412
514410
514400
514398
514406
514404
514402
514408
514389
514385
514387
514388
514386
514390
514391
514418
514414
514415
514416
514421
514420
514419
514422
514417
514380
514377
514383
514382
514381
514384
514379
514378
514326
514364
514362
514359
514360
514363
514361
514348
514365
514366
514367
514368
514369
514370
514371
514372
514373
514374
514376
514375
514349
514350
514351
514352
514347
514355
514356
514357
514354
514358
514353
514344
514346
514342
514337
514335
514336
514338
514339
514340
514343
514341
514345
514330
514333
514332
514331
514334
514329
514328
514327
514319
514323
514318
514322
514320
514321
514311
514314
514316
514313
514312
514315
514309
514305
514307
514308
514306
514310
514302
514303
514304
514301
514300
514280
514282
514283
514281
514279
514278
514277
514267
514266
514265
514268
514269
514270
514263
514261
514264
514287
514289
514286
514290
514284
514288
514285
514254
514255
514256
514257
514258
514259
514275
514272
514273
514276
514274
514271
514262
514260
514221
514225
514218
514219
514224
514223
514222
514220
514237
514247
514253
514249
514245
514241
514251
514239
514243
514240
514236
514238
514242
514244
514246
514248
514250
514252
514233
514228
514229
514230
514231
514232
514226
514227
514199
514200
514201
514198
514197
514196
514204
514216
514208
514214
514202
514210
514206
514212
514215
514213
514205
514209
514211
514203
514207
514194
514195
514191
514193
514192
514187
514184
514188
514186
514185
514183
514189
514190
514695
514123
514122
514125
514124
514117
514118
514119
514120
514121
514181
514182
514235
514234
514177
514180
514178
514176
514175
514179
514149
514152
514150
514154
514151
514153
514137
514138
514139
514140
514141
514142
514133
514136
514134
514128
514127
514130
514129
514126
514131
514145
514146
514147
514148
514144
514143
514132
514135
514163
514164
514165
514166
514167
514168
514169
514170
514171
514172
514173
514174
514157
514158
514159
514162
514156
514161
514160
514155
514698
514696
514697
514104
514101
514102
514103
514107
514106
514105
514116
514059
514055
514057
514058
514056
514060
514061
514062
514054
514108
514109
514110
514111
514112
514114
514115
514113
514317
509556
514043
514039
514051
514041
514047
514049
514053
514045
514037
514044
514040
514052
514036
514050
514038
514048
514042
514046
513925
514065
514064
514063
514066
514069
514068
514067
514070
514694
514100
514095
514096
514094
514097
514098
514099
514087
514082
514083
514084
514085
514086
514081
514079
514077
514071
514075
514076
514072
514073
514074
514092
514093
514088
514091
514090
514089
513906
514080
514078
514018
514021
514016
514017
514022
514015
514019
514023
514020
514025
514026
514028
514035
514029
514030
514031
514032
514034
514033
514027
514024
513994
513998
513995
513993
513996
513997
514005
514001
514003
514007
514013
514011
514009
513999
514000
514012
514006
514008
514010
514002
514014
514004
513990
513986
513992
513991
513988
513987
513989
514699
513979
513976
513982
513981
513980
513983
513978
513977
513926
513960
513962
513963
513961
513959
513958
513971
513972
513973
513964
513965
513966
513967
513968
513969
513974
513975
513950
513946
513947
513948
513949
513970
513951
513945
513941
513943
513934
513927
513928
513929
513930
513931
513932
513933
513940
513936
513935
513938
513937
513939
513955
513954
513953
513952
513957
513956
513942
513944
513923
513919
513920
513921
513922
513924
513917
513913
513915
513916
513918
513911
513908
513914
513909
513910
513912
513907
514298
514299
514294
514292
514293
514297
514296
514291
514295
513879
513880
513881
513872
513868
513867
513869
513870
513871
513862
513864
513866
513855
513856
513858
513859
513860
513857
513873
513874
513875
513876
513877
513878
513861
513865
513863
513885
513882
513883
513884
513902
513905
513904
513903
513886
513889
513888
513887
513890
513892
513891
513894
513900
513899
513893
513897
513901
513896
513895
513898
513821
513822
513823
513828
513827
513826
513825
513824
513848
513850
513852
513854
513846
513847
513849
513851
513853
513845
513842
513840
513844
513838
513843
513837
513841
513839
513835
513834
513829
513831
513832
513830
513836
513833
513531
513801
513798
513799
513803
513802
513800
513816
513818
513806
513808
513810
513812
513804
513814
513811
513809
513807
513819
513817
513815
513813
513805
513793
513796
513797
513795
513794
513721
513727
513723
513724
513722
513726
513725
513720
513728
513719
513783
513782
513781
513779
513784
513780
513777
513778
513792
513789
513788
513786
513790
513785
513787
513791
513752
513756
513757
513753
513755
513754
513741
513742
513743
513744
513745
513740
513739
513738
513746
513749
513750
513751
513747
513748
513736
513733
513729
513730
513734
513732
513731
513737
513735
513763
513760
513761
513758
513764
513759
513762
513770
513775
513774
513773
513772
513771
513776
513769
513768
513767
513766
513765
513710
513712
513716
513711
513713
513715
513714
513717
514217
513718
513532
513660
513657
513664
513656
513663
513661
513658
513659
513662
513665
513666
513667
513668
513669
513670
513671
513672
513706
513705
513703
513707
513709
513704
513708
513125
509555
513699
513696
513697
513698
513700
513701
513702
513687
513684
513685
513686
513688
513689
513683
513681
513680
513677
513678
513674
513675
513673
513676
513695
513693
513694
513692
513691
513690
513682
513679
513634
513633
513635
513637
513636
513651
513645
513639
513655
513653
513641
513647
513643
513649
513648
513650
513652
513654
513644
513638
513640
513642
513646
513630
513625
513623
513631
513627
513629
513628
513624
513626
513602
513606
513604
513603
513601
513605
513621
513619
513607
513609
513611
513613
513615
513617
513620
513622
513610
513612
513608
513618
513616
513614
513598
513594
513632
513595
513596
513597
513600
513599
513984
513985
513590
513586
513593
513592
513591
513588
513587
513589
513533
513570
513568
513569
513573
513572
513571
513559
513561
513556
513557
513560
513558
513553
513551
513555
513550
513545
513546
513547
513548
513549
513565
513562
513567
513566
513564
513563
513554
513552
513583
513584
513585
513582
513574
513575
513576
513577
513578
513579
513581
513580
513539
513540
513542
513543
513538
513537
513541
513544
513527
513529
513526
513528
513530
513525
513520
513518
513522
513516
513519
513521
513523
513513
513515
513512
513514
513517
513498
513504
513499
513505
513503
513506
513502
513501
513500
513490
513486
513487
513488
513489
513492
513491
513485
513483
513480
513481
513478
513484
513479
513482
513495
513496
513497
513494
513493
513422
513420
513415
513419
513418
513421
513417
513416
513477
513473
513476
513475
513472
513474
513460
513461
513462
513463
513464
513465
513455
513459
513457
513450
513451
513454
513453
513449
513452
513468
513467
513469
513470
513466
513471
513456
513458
513432
513440
513438
513436
513444
513434
513442
513446
513448
513437
513445
513431
513441
513447
513433
513443
513439
513435
513430
513423
513429
513426
513424
513425
513428
513427
513348
513347
513349
513353
513350
513351
513352
513335
513337
513338
513339
513336
513334
513332
513330
513333
513340
513324
513323
513326
513327
513325
513328
513342
513344
513343
513346
513345
513341
513329
513331
513411
513413
513414
513412
513410
513397
513399
513398
513394
513396
513395
513409
513403
513405
513407
513401
513408
513400
513406
513402
513404
513392
513389
513393
513391
513390
513317
513314
513315
513316
513321
513320
513319
513318
513322
513382
513386
513383
513387
513381
513388
513385
513384
513379
513375
513380
513377
513373
513376
513374
513378
513368
513363
513362
513371
513361
513367
513364
513370
513366
513365
513372
513369
513358
513354
513355
513356
513357
513359
513360
513306
513307
513308
513309
513310
513311
513313
513312
513299
513302
513304
513305
513301
513300
513303
513293
513296
513297
513295
513294
513298
513285
513283
513284
513282
513286
513281
513279
513280
513278
513264
513265
513263
513266
513267
513268
513269
513270
513271
513272
513273
513274
513275
513276
513290
513289
513288
513287
513292
513291
513277
513820
513255
513254
513256
513257
513258
513259
513262
513261
513260
513133
509554
513239
513245
513243
513241
513253
513237
513247
513251
513249
513240
513248
513242
513250
513246
513244
513238
513236
513252
513201
513205
513202
513200
513204
513203
513232
513234
513233
513235
513217
513215
513209
513207
513211
513213
513221
513219
513206
513216
513208
513214
513210
513220
513212
513218
513193
513197
513198
513195
513194
513196
513199
513535
513534
513536
513223
513222
513224
513231
513225
513229
513228
513230
513226
513227
513188
513185
513191
513190
513189
513192
513187
513186
513134
513183
513178
513177
513176
513175
513184
513179
513174
513173
513182
513181
513180
513166
513168
513170
513172
513169
513167
513171
513158
513157
513159
513154
513155
513156
513151
513153
513150
513143
513145
513144
513146
513147
513148
513164
513165
513161
513160
513163
513162
513152
513149
513138
513141
513140
513139
513142
513137
513136
513135
513129
513131
513128
513132
513130
513127
513123
513120
513113
513115
513117
513119
513121
513122
513124
513118
513116
513114
513094
513092
513093
513095
513096
513097
513098
513111
513108
513109
513112
513110
513102
513107
513105
513103
513106
513101
513104
513100
513099
513033
513030
513037
513031
513035
513034
513036
513032
513061
513051
513049
513055
513059
513057
513053
513063
513047
513050
513058
513060
513046
513048
513056
513062
513052
513054
513086
513089
513087
513091
513088
513090
513079
513074
513075
513076
513077
513078
513073
513071
513070
513065
513064
513066
513067
513068
513069
513080
513083
513082
513081
513084
513085
513072
513041
513038
513044
513042
513045
513043
513040
513039
513009
513007
513010
513011
513006
513008
513025
513012
513014
513016
513018
513021
513023
513027
513019
513017
513026
513015
513024
513013
513022
513004
513001
513020
513005
513002
513003
513524
512935
512934
512998
512995
512999
513000
512993
512994
512996
512997
512930
512933
512927
512928
512929
512931
512932
512918
513509
513508
512912
512913
512914
512915
512916
512917
512991
512992
512990
512985
512986
512987
512988
512989
512962
512964
512965
512963
512961
512960
512959
512951
512950
512949
512952
512948
512947
512946
512944
512942
512969
512971
512968
512967
512966
512970
512972
512937
512936
512938
512939
512940
512941
512958
512953
512954
512955
512957
512956
512945
512943
513511
513510
512983
512973
512982
512981
512980
512979
512984
512978
512977
512976
512975
512974
513507
512911
512910
512907
512908
512906
512909
512899
512898
512897
512903
512904
512905
512900
512901
512902
512895
512896
512894
512893
512892
512890
512886
512887
512888
512885
512883
512884
512889
512891
512926
512922
512921
512919
512924
512920
512925
512923
512738
509553
512881
512875
512876
512877
512878
512880
512879
512882
512739
512873
512870
512874
512871
512867
512868
512869
512866
512872
512844
512843
512847
512846
512845
512718
512809
512805
512806
512808
512807
512810
512837
512842
512841
512840
512839
512838
512836
512849
512853
512855
512857
512859
512851
512861
512863
512865
513126
512824
512822
512820
512818
512816
512814
512812
512821
512823
512825
512819
512817
512815
512813
512811
512802
512798
512848
512858
512862
512864
512856
512860
512854
512852
512850
512801
512800
512799
512803
512804
512740
512828
512835
512829
512833
512830
512834
512832
512831
512827
512733
512734
512735
512736
512731
512732
512793
512796
512795
512794
512797
512792
512791
512790
512826
512779
512778
512780
512781
512782
512789
512788
512787
512786
512785
512784
512783
512772
512773
512774
512775
512776
512777
512762
512761
512760
512764
512765
512763
512758
512759
512756
512749
512751
512752
512754
512753
512750
512766
512767
512768
512769
512770
512771
512757
512755
512743
512748
512745
512744
512747
512746
512742
512741
512729
512726
512727
512723
512725
512728
512719
512730
512721
512724
512722
512720
512715
512716
512717
512714
512713
512705
512709
512712
512708
512707
512706
512711
512710
512701
512698
512699
512703
512702
512704
512700
512651
512659
512657
512653
512647
512649
512655
512661
512663
512656
512658
512660
512662
512654
512650
512646
512648
512652
512697
512696
512695
512691
512692
512693
512694
512679
512683
512682
512681
512680
512684
512678
512675
512676
512671
512672
512673
512669
512670
512668
512685
512686
512688
512687
512689
512690
512674
512677
512643
512644
512640
512642
512638
512641
512639
512645
512631
512632
512630
512633
512634
512637
512636
512635
512610
512612
512613
512611
512608
512609
512618
512625
512620
512629
512623
512614
512627
512616
512615
512617
512619
512622
512624
512626
512628
512606
512603
512621
512604
512605
512607
512531
512537
512538
512529
512535
512534
512533
512532
512536
512530
512602
512598
512599
512595
512596
512597
512600
512601
512567
512562
512563
512565
512566
512564
512554
512553
512552
512555
512551
512550
512549
512547
512545
512571
512573
512569
512568
512572
512574
512570
512540
512539
512541
512542
512543
512544
512557
512556
512558
512560
512561
512559
512546
512548
512577
512582
512583
512584
512575
512580
512581
512585
512578
512576
512579
512586
512589
512590
512591
512592
512593
512594
512587
512588
513029
512519
512520
512518
512342
509551
512516
512515
512517
512514
512472
512474
512473
512466
512471
512469
512467
512468
512470
512482
512483
512477
512476
512479
512478
512481
512480
512475
512526
512527
512528
512525
512737
512521
512524
512523
512522
512343
512511
512508
512510
512512
512509
512513
512499
512498
512497
512496
512501
512500
512495
512491
512493
512486
512489
512488
512484
512487
512485
512502
512503
512504
512505
512507
512506
512492
512494
512490
512463
512465
512459
512455
512453
512451
512457
512461
512449
512452
512454
512450
512456
512462
512458
512460
512464
512448
512445
512446
512447
512444
512443
512414
512415
512418
512424
512416
512426
512430
512428
512420
512422
512431
512417
512419
512421
512423
512425
512427
512429
512410
512411
512412
512413
512407
512403
512406
512404
512408
512409
512405
513028
512436
512441
512442
512434
512439
512438
512437
512440
512435
512398
512401
512400
512399
512402
512397
512396
512395
512385
512392
512390
512389
512388
512387
512386
512391
512384
512383
512394
512393
512344
512379
512376
512377
512378
512380
512381
512382
512365
512364
512366
512367
512368
512369
512362
512360
512363
512348
512347
512349
512350
512351
512346
512352
512345
512355
512356
512358
512353
512354
512357
512375
512372
512373
512371
512370
512374
512359
512361
512337
512336
512338
512341
512340
512339
512332
512329
512331
512333
512322
512324
512325
512327
512328
512330
512323
512326
512304
512308
512302
512306
512305
512307
512303
512310
512315
512316
512309
512311
512312
512313
512314
512321
512318
512319
512317
512320
512272
512260
512266
512258
512256
512262
512264
512270
512268
512263
512269
512265
512271
512255
512257
512267
512259
512261
512296
512299
512301
512297
512300
512298
512287
512286
512288
512289
512284
512285
512283
512282
512280
512276
512278
512277
512275
512274
512273
512295
512290
512291
512294
512293
512292
512279
512281
512241
512246
512238
512239
512243
512242
512245
512240
512244
512251
512250
512252
512247
512253
512248
512249
512254
512218
512219
512220
512216
512221
512217
512230
512232
512234
512236
512223
512225
512227
512226
512224
512237
512235
512222
512233
512231
512229
512211
512214
512228
512213
512212
512215
512138
512143
512136
512142
512141
512144
512140
512139
512137
512664
512207
512210
512209
512206
512204
512208
512205
512203
511723
511724
512666
512665
512667
512169
512172
512171
512170
512173
512174
512156
512157
512158
512159
512160
512188
512183
512184
512185
512186
512187
512161
512189
512190
512191
512194
512192
512193
512153
512155
512152
512180
512176
512177
512178
512182
512181
512175
512179
512168
512198
512199
512197
512196
512195
512201
512202
512200
512147
512148
512150
512149
512145
512146
512166
512164
512165
512163
512167
512162
512151
512154
512432
512130
512128
512132
512133
512129
512131
512134
512135
512123
512124
512125
512121
512126
512127
512122
511934
509549
511935
512084
512089
512082
512085
512086
512087
512088
512083
512079
512074
512080
512073
512076
512078
512075
512081
512077
512060
512056
512058
512070
512072
512068
512062
512066
512064
512057
512071
512069
512067
512065
512063
512061
512055
512059
512118
512115
512116
512117
512119
512120
512114
512106
512105
512107
512102
512103
512104
512097
512101
512099
512090
512094
512091
512092
512093
512095
512110
512112
512111
512108
512109
512113
511933
512100
512096
512098
512051
512050
512049
512048
512046
512053
512054
512047
512052
512045
512044
512014
512017
512019
512016
512018
512015
512027
512029
512031
512033
512021
512023
512025
512035
512030
512022
512032
512020
512024
512028
512034
512026
512007
512011
512009
512008
512012
512013
512010
512039
512036
512037
512038
512043
512042
512041
512040
512433
512004
512000
512001
512006
512005
511999
512003
512002
511936
511937
511982
511981
511983
511984
511985
511986
511971
511972
511974
511973
511969
511970
511964
511966
511968
511963
511962
511958
511959
511960
511961
511977
511975
511976
511980
511979
511978
511967
511965
511993
511987
511998
511997
511996
511995
511994
511992
511991
511990
511989
511988
511950
511957
511951
511952
511953
511954
511955
511956
511927
511928
511929
511932
511931
511930
511945
511948
511941
511947
511943
511944
511940
511946
511938
511949
511939
511942
512334
511915
511913
511914
511920
511918
511917
511916
511919
511921
511926
511925
511924
511923
511922
511912
511911
511903
511900
511905
511901
511902
511904
511892
511889
511893
511888
511890
511891
511883
511887
511885
511910
511906
511909
511907
511908
511878
511879
511876
511880
511877
511881
511894
511895
511896
511898
511899
511897
511886
511882
511884
511542
511842
511849
511847
511846
511845
511848
511844
511843
511861
511859
511865
511867
511871
511863
511869
511862
511860
511870
511858
511866
511868
511864
511875
511873
511874
511872
511853
511857
511851
511854
511856
511850
511855
511852
511825
511821
511823
511822
511820
511824
511839
511830
511837
511833
511841
511826
511828
511835
511827
511829
511831
511834
511836
511838
511840
511815
511818
511832
511817
511816
511819
511773
511776
511774
511778
511775
511777
511765
511761
511762
511763
511764
511766
511757
511760
511759
511752
511753
511751
511755
511750
511754
511772
511770
511771
511769
511768
511767
511758
511756
511742
511746
511747
511740
511744
511743
511749
511745
511741
511748
511809
511812
511807
511810
511813
511811
511808
511806
511782
511784
511785
511781
511780
511783
511779
511805
511801
511798
511803
511799
511802
511800
511804
511791
511796
511795
511794
511793
511792
511797
511790
511789
511788
511787
511786
509547
511539
511686
511685
511731
511730
511729
511728
511727
511726
511725
511692
511691
511690
511689
511688
511687
511540
511683
511682
511681
511677
511676
511684
511678
511679
511680
511732
511739
511738
511734
511733
511736
511735
511737
511671
511669
511663
511659
511661
511673
511665
511667
511675
511660
511670
511664
511666
511668
511672
511674
511662
511658
511718
511722
511719
511721
511717
511716
511720
511709
511708
511705
511704
511707
511706
511700
511703
511701
511696
511694
511695
511693
511697
511698
511713
511710
511711
511712
511714
511715
511702
511699
511657
511656
511654
511655
511626
511628
511623
511624
511625
511627
511629
511637
511631
511633
511635
511643
511641
511639
511644
511634
511642
511632
511630
511638
511640
511636
511616
511620
511621
511619
511622
511617
511618
511647
511645
511646
511653
511648
511649
511652
511651
511650
511814
511612
511608
511609
511610
511615
511614
511613
511611
511541
511592
511593
511594
511590
511595
511591
511598
511599
511600
511601
511596
511597
511604
511603
511602
511607
511606
511605
511588
511589
511579
511580
511581
511582
511583
511578
511575
511577
511574
511572
511568
511567
511570
511571
511569
511584
511585
511587
511586
511573
511576
511538
511564
511563
511562
511566
511560
511559
511565
511561
511536
511535
511534
511533
511532
511537
511549
511551
511553
511554
511545
511546
511548
511550
511552
511543
511547
511544
511525
511528
511527
511521
511524
511526
511523
511522
511518
511519
511520
511517
511516
511502
511500
511501
511506
511505
511504
511503
511496
511494
511495
511499
511497
511498
511486
511487
511482
511485
511484
511483
511481
511479
511493
511488
511489
511490
511491
511492
511478
511480
511477
511474
511471
511476
511475
511473
511472
511508
511512
511510
511511
511514
511515
511507
511509
511513
511438
511443
511442
511437
511441
511444
511440
511439
511456
511458
511466
511464
511470
511454
511460
511468
511463
511465
511469
511459
511453
511455
511457
511461
511462
511467
511445
511451
511446
511447
511448
511449
511450
511452
511416
511420
511419
511415
511418
511417
511425
511427
511429
511431
511433
511435
511421
511423
511432
511434
511430
511428
511422
511426
511424
511436
511413
511414
511410
511412
511411
511336
511338
511337
511342
511343
511341
511339
511340
511344
511405
511403
511406
511407
511409
511402
511404
511408
511371
511370
511373
511374
511372
511398
511399
511396
511397
511401
511395
511394
511400
511369
511361
511362
511357
511358
511359
511360
511354
511352
511356
511346
511347
511348
511349
511350
511345
511366
511368
511367
511365
511364
511363
511355
511351
511353
511385
511390
511389
511388
511387
511386
511391
511384
511393
511392
511383
511382
511375
511380
511379
511378
511381
511377
511376
511324
511321
511322
511326
511325
511327
511323
511331
511330
511329
511333
511332
511334
511328
511335
511286
511289
511288
511287
511290
511285
511284
511283
511274
511279
511273
511276
511280
511277
511282
511275
511281
511278
511150
511556
511558
511557
511555
509545
511320
511314
511315
511319
511316
511317
511318
511306
511302
511303
511304
511307
511305
511298
511300
511301
511295
511296
511291
511292
511293
511294
511313
511309
511308
511310
511312
511311
511297
511299
511219
511217
511218
511220
511216
511221
511252
511251
511248
511249
511250
511270
511268
511266
511264
511262
511260
511258
511256
511254
511237
511226
511222
511224
511229
511231
511233
511235
511225
511227
511223
511230
511232
511234
511236
511238
511213
511265
511267
511269
511263
511253
511255
511261
511259
511257
511228
511215
511214
511209
511211
511212
511210
511245
511242
511243
511244
511240
511239
511247
511246
511241
511204
511201
511207
511206
511205
511208
511203
511202
511151
511199
511198
511197
511200
511189
511196
511195
511194
511193
511192
511191
511190
511183
511186
511184
511188
511185
511187
511175
511171
511172
511173
511174
511176
511168
511170
511167
511160
511163
511164
511161
511165
511162
511182
511180
511181
511179
511178
511177
511169
511166
511152
511157
511158
511159
511153
511154
511156
511155
511148
511147
511146
511149
511145
511144
511141
511138
511142
511131
511133
511134
511136
511137
511139
511140
511132
511135
511120
511125
511119
511124
511123
511126
511122
511121
511128
511129
511130
511127
511115
511112
511113
511117
511116
511118
511114
511046
511052
511044
511045
511048
511051
511047
511049
511050
511083
511067
511069
511071
511073
511075
511077
511081
511079
511076
511066
511082
511068
511080
511070
511078
511072
511074
510802
510792
510803
510793
510794
510795
510796
510797
510798
510801
510800
510799
511529
511107
511111
511106
511109
511108
511110
511096
511099
511097
511098
511095
511094
511093
511091
511090
511089
511088
511087
511085
511086
511084
511100
511103
511102
511101
511104
511105
511092
511028
511024
511025
511023
511026
511027
511030
511034
511038
511040
511032
511036
511042
511043
511029
511031
511037
511033
511041
511039
511035
511021
511018
511022
511019
511020
511059
511056
511054
511055
511053
511058
511060
511057
510951
510944
510949
510948
510943
510947
510950
510946
510945
511008
511004
511009
511002
511003
511005
511006
511007
511017
511016
511015
511014
511013
511012
511011
511010
510976
510981
510977
510980
510978
510982
510979
510968
510967
510966
510965
510964
510963
510960
510962
510958
510969
510954
510955
510953
510957
510952
510956
510974
510973
510970
510975
510971
510972
510961
510959
511530
511531
510986
510985
510989
510984
510987
510983
510988
511000
511001
510999
510994
510997
510996
510995
510998
510993
510992
510991
510990
511272
510752
510925
510923
510924
510926
510927
510922
510882
510890
510889
510881
510888
510886
510885
510884
510883
510911
510914
510913
510912
510915
510910
510908
510906
510909
510899
510900
510901
510903
510902
510904
510918
510921
510920
510919
510917
510916
510887
510907
510905
509544
509552
509546
509548
509550
510941
510937
510940
510935
510936
510942
510938
510939
509543
511143
510931
510928
510929
510933
510932
510934
510930
510895
510891
510898
510897
510896
510894
510893
510892
511271
510751
510732
510858
510859
510862
510861
510860
510876
510868
510864
510880
510874
510870
510878
510866
510872
510873
510875
510877
510879
510871
510863
510865
510867
510869
510850
510847
510848
510849
510846
510842
510843
510844
510845
510822
510820
510819
510824
510823
510821
510851
510852
510853
510854
510855
510857
510856
510828
510834
510832
510826
510840
510830
510838
510836
510833
510837
510831
510825
510835
510839
510829
510827
510816
510812
510817
510813
510818
510815
510814
510807
510804
510810
510809
510808
510811
510806
510805
510753
510745
510748
510750
510746
510747
510749
510786
510787
510791
510788
510790
510789
510776
510778
510773
510775
510777
510774
510769
510771
510772
510767
510763
510764
510766
510762
510765
510780
510781
510784
510779
510783
510782
510768
510770
510758
510757
510756
510755
510759
510754
510760
510761
510743
510740
510735
510741
510739
510736
510738
510744
510742
510733
510734
510737
510717
510716
510711
510714
510713
510715
510712
510729
510730
510731
510728
510727
511065
511064
511061
511062
511063
510723
510719
510720
510721
510722
510726
510725
510718
510724
510707
510708
510706
510710
510705
510709
510655
510654
510653
510652
510651
510650
510649
510696
510693
510694
510695
510697
510698
510692
510690
510689
510682
510683
510685
510684
510686
510687
510701
510703
510704
510702
510700
510699
510688
510691
510648
510665
510675
510681
510669
510677
510667
510671
510673
510679
510664
510678
510680
510666
510672
510670
510674
510676
510668
510658
510661
510659
510660
510662
510663
510657
510656
510631
510627
510628
510630
510626
510629
510641
510639
510645
510633
510635
510643
510637
510647
510640
510634
510644
510636
510646
510642
510632
510638
510624
510621
510625
510622
510623
510579
510582
510580
510584
510583
510581
510585
510571
510572
510567
510568
510569
510570
510566
510562
510564
510557
510560
510559
510558
510556
510561
510575
510577
510578
510573
510576
510574
510565
510563
510546
510542
510543
510544
510549
510548
510547
510550
510545
510616
510619
510613
510617
510614
510618
510620
510615
510603
510602
510601
510604
510600
510599
510598
510597
510593
510594
510595
510596
510592
510591
510590
510589
510588
510587
510586
510607
510611
510609
510605
510610
510612
510606
510608
509542
510534
510535
510537
510540
510538
510541
510539
510536
509540
510530
510527
510528
510532
510531
510533
510529
510485
510479
510483
510481
510484
510482
510480
510486
510488
510487
510489
510490
510491
510496
510493
510494
510495
510492
510841
510358
510357
510524
510522
510523
510525
510526
510521
510511
510512
510509
510513
510510
510514
510504
510506
510508
510502
510501
510500
510520
510515
510516
510518
510519
510517
510507
510503
510505
510498
510497
510499
510352
510351
510356
510355
510353
510354
510474
510462
510466
510476
510478
510464
510470
510472
510468
510473
510475
510477
510463
510461
510465
510469
510471
510467
510427
510424
510429
510428
510425
510426
510456
510457
510458
510459
510460
510435
510442
510446
510433
510440
510444
510431
510438
510434
510430
510437
510439
510441
510432
510443
510445
510417
510421
510436
510423
510422
510419
510418
510420
510450
510454
510451
510452
510453
510449
510455
510448
510447
510406
510407
510408
510405
510397
510398
510399
510404
510403
510402
510401
510400
510416
510409
510414
510412
510411
510410
510413
510415
510359
510396
510391
510394
510392
510395
510393
510380
510382
510383
510384
510379
510381
510375
510378
510377
510372
510371
510368
510373
510370
510369
510390
510388
510389
510387
510386
510385
510374
510376
510345
510347
510349
510346
510348
510350
510341
510342
510344
510339
510343
510340
510367
510365
510360
510363
510361
510362
510364
510366
510258
510259
510262
510257
510256
510264
510263
510260
510261
510335
510336
510338
510337
510333
510328
510327
510334
510331
510330
510329
510332
510323
510326
510325
510324
510322
510320
510321
510282
510278
510284
510274
510286
510276
510280
510290
510288
510108
510109
510277
510273
510285
510283
510275
510281
510289
510287
510279
510316
510317
510318
510319
510314
510315
510305
510307
510304
510303
510302
510306
510301
510300
510298
510296
510295
510291
510294
510292
510293
510308
510309
510311
510312
510313
510310
510299
510297
510271
510265
510266
510270
510269
510268
510272
510267
510240
510236
510237
510238
510239
510235
510247
510249
510253
510255
510251
510245
510241
510243
510246
510244
510242
510254
510252
510250
510248
510233
510230
510231
510234
510232
510551
510159
510155
510156
510157
510158
510163
510162
510161
510160
510164
510193
510188
510189
510190
510191
510192
510228
510181
510177
510179
510178
510180
510176
510229
510227
510222
510223
510224
510225
510226
510175
510173
510172
510200
510201
510198
510197
510196
510199
510195
510194
510216
510217
510218
510219
510220
510221
510215
510214
510170
510169
510168
510167
510166
510165
510187
510186
510185
510184
510183
510182
510554
510552
510553
510174
510171
510207
510212
510211
510210
510209
510208
510213
510206
510205
510204
510203
510202
510090
510084
510082
510078
510088
510076
510080
510086
510074
510075
510077
510081
510079
510087
510083
510085
510089
510073
510147
510149
510150
510152
510154
510153
510151
510148
510102
510103
510104
510107
510140
510144
510145
510105
510101
510100
510143
510142
510106
510146
510141
510094
510099
510091
510092
510098
510097
510096
510095
510093
509962
509961
509541
509539
509941
510555
510139
510133
510136
510134
510138
510137
510135
510122
510125
510126
510121
510123
510124
510116
510118
510120
510071
510070
510069
510068
510067
510115
510110
510114
510111
510113
510112
510127
510128
510132
510130
510129
510131
510119
510117
510054
510055
510056
510057
510058
510059
510053
510052
510051
510030
510031
510028
510033
510032
510029
510060
510061
510064
510065
510066
510063
510062
510045
510035
510036
510049
510041
510047
510039
510034
510043
510037
510040
510042
510044
510046
510050
510048
510021
510025
510038
510023
510024
510026
510027
510022
510006
510005
510003
510007
510002
510001
510008
510009
510010
510004
510012
510011
510019
510013
510014
510015
510016
510017
510018
510020
509956
509955
509957
509958
509959
509960
510072
509963
509995
509998
509996
510000
509997
509999
509985
509988
509983
509984
509986
509987
509980
509982
509978
509973
509976
509977
509972
509974
509975
509989
509994
509992
509993
509991
509990
509981
509979
509942
509965
509971
509969
509970
509966
509967
509968
509964
509950
509952
509948
509953
509949
509945
509951
509947
509944
509946
509943
509860
509859
509863
509861
509862
509857
509856
509858
509931
509928
509933
509932
509927
509935
509930
509929
509934
509925
509939
509938
509937
509936
509926
509920
509940
509924
509923
509922
509921
509919
509914
509915
509916
509917
509918
509903
509907
509906
509905
509902
509904
509899
509897
509901
509890
509891
509895
509892
509894
509893
509909
509908
509912
509913
509910
509911
509900
509896
509898
509873
509877
509885
509889
509875
509887
509879
509883
509881
509878
509882
509884
509880
509886
509888
509872
509874
509876
509871
509870
509867
509864
509869
509868
509865
509866
509691
509687
509677
509689
509693
509679
509685
509683
509681
509680
509684
509676
509678
509682
509688
509690
509692
509686
509834
509838
509836
509835
509839
509837
509846
509850
509842
509848
509844
509852
509840
509854
509843
509849
509855
509853
509851
509847
509845
509841
509832
509829
509831
509833
509830
509760
509756
509757
509758
509763
509762
509761
509764
509759
509824
509826
509827
509821
509822
509823
509825
509828
509800
509795
509796
509797
509798
509799
509794
509790
509792
509791
509789
509788
509793
509780
509781
509779
509778
509777
509776
509772
509774
509775
509767
509769
509768
509766
509765
509770
509782
509783
509787
509786
509785
509784
509771
509773
509809
509806
509811
509801
509810
509802
509812
509803
509807
509805
509804
509808
509815
509816
509817
509818
509813
509819
509820
509814
509573
509754
509752
509750
509748
509751
509753
509749
509755
509572
509538
509954
509537
509699
509700
509696
509695
509703
509702
509697
509698
509694
509701
509741
509742
509743
509744
509745
509747
509746
509705
509711
509710
509704
509706
509707
509708
509709
509574
509735
509739
509736
509740
509737
509738
509726
509725
509724
509723
509728
509727
509719
509722
509720
509717
509713
509712
509715
509716
509714
509730
509731
509732
509733
509734
509729
509721
509718
509666
509667
509668
509662
509663
509664
509665
509669
509670
509672
509674
509673
509675
509671
509643
509641
509644
509642
509646
509645
509658
509654
509660
509648
509650
509652
509656
509647
509655
509657
509659
509661
509649
509651
509653
509638
509634
509636
509637
509639
509640
509635
509629
509632
509631
509630
509633
509628
509627
509626
509575
509611
509608
509610
509607
509609
509612
509614
509615
509616
509617
509618
509619
509620
509621
509622
509623
509624
509599
509598
509597
509600
509625
509595
509596
509592
509590
509594
509585
509584
509586
509587
509588
509589
509602
509601
509603
509605
509606
509604
509591
509593
509571
509579
509582
509583
509576
509580
509581
509578
509577
509570
509569
509568
509565
509567
509566
509530
509532
509534
509533
509531
509529
509525
509524
509528
509526
509535
509527
509521
509519
509515
509517
509523
509520
509516
509518
509522
509505
509501
509503
509502
509504
509506
509508
509510
509513
509512
509507
509509
509514
509499
509511
509500
509498
509497
509493
509494
509489
509490
509491
509492
509495
509496
509471
509474
509470
509469
509473
509472
509488
509482
509486
509476
509484
509478
509480
509487
509485
509481
509483
509475
509477
509479
509466
509467
509465
509464
509468
509416
509414
509420
509419
509418
509415
509417
509431
509433
509429
509432
509428
509430
509438
509448
509446
509444
509436
509442
509440
509445
509439
509434
509437
509443
509441
509447
509421
509423
509435
509427
509426
509424
509422
509425
509462
509463
509461
509460
509374
509376
509378
509380
509384
509382
509377
509383
509379
509381
509375
509368
509370
509372
509367
509373
509371
509369
509456
509454
509453
509455
509457
509452
509459
509458
509408
509410
509411
509412
509413
509409
509396
509400
509401
509399
509397
509398
509395
509391
509393
509389
509388
509387
509390
509405
509404
509403
509407
509406
509402
509392
509394
509351
509357
509353
509352
509356
509355
509350
509354
509358
509385
509386
509361
509365
509366
509362
509364
509360
509363
509359
509289
509287
509291
509288
509293
509290
509286
509292
509285
509336
509333
509335
509334
509331
509337
509332
509330
509343
509348
509347
509346
509345
509344
509349
509342
509341
509340
509339
509338
509329
509328
509326
509327
509325
509314
509313
509312
509315
509316
509317
509308
509310
509311
509299
509294
509295
509296
509297
509298
509300
509318
509305
509301
509302
509303
509304
509306
509319
509320
509321
509324
509323
509322
509309
509307
509213
509217
509223
509219
509221
509210
509208
509225
509215
509214
509220
509222
509216
509218
509224
509209
509207
509211
509109
509201
509197
509198
509199
509200
509195
509194
509193
509196
509613
509231
509233
509232
509226
509227
509230
509234
509229
509228
509278
509279
509282
509283
509284
509280
509281
509271
509272
509273
509274
509275
509277
509276
509269
509268
509266
509267
509265
509270
509264
509263
509257
509256
509255
509253
509258
509254
509250
509251
509252
509242
509240
509239
509238
509237
509236
509235
509241
509246
509245
509243
509244
509247
509248
509260
509261
509262
509259
509249
500235
509536
509203
509202
509206
509205
509204
509177
509173
509175
509174
509176
509172
509163
509160
509161
509162
509164
509165
509159
509180
509188
509178
509182
509184
509192
509186
509190
509179
509181
509183
509185
509187
509189
509191
509166
509168
509171
509169
509170
509167
509152
509147
509157
509156
509155
509154
509153
509158
509151
509150
509149
509148
509110
509143
509146
509142
509144
509145
509130
509131
509132
509134
509133
509135
509129
509137
509136
509139
509140
509141
509138
509127
509126
509117
509118
509112
509111
509113
509114
509115
509116
509120
509119
509123
509122
509121
509124
509125
509128
509105
509104
509107
509106
509108
509103
509097
509100
509096
509092
509093
509090
509101
509095
509098
509099
509091
509094
509057
509056
509055
509058
509054
509059
509067
509069
509071
509073
509061
509063
509065
509066
509072
509068
509074
509062
509070
509064
509060
509050
509047
509075
509048
509051
509049
509052
509053
509089
509085
509087
509088
509086
509040
509036
509037
509038
509039
509025
509028
509027
509024
509026
509029
509019
509023
509021
509014
509018
509013
509017
509016
509015
509032
509031
509030
509033
509034
509035
509022
509020
509043
509044
509045
509046
509042
509041
509006
508998
509000
509002
508996
509004
509012
509010
509008
509011
509009
509005
509007
508997
508995
509003
509001
508999
509078
509082
509080
509079
509081
509077
509076
509084
509083
508979
508984
508978
508983
508982
508985
508981
508980
508991
508993
508986
508987
508992
508989
508994
508990
508988
508970
508975
508974
508973
508972
508971
508976
508969
508968
508967
508966
508977
508908
508904
508909
508911
508912
508907
508910
508906
508905
508916
508914
508915
508918
508917
508919
508913
509449
508964
508958
508963
508959
508960
508962
508965
508961
508945
508947
508946
508944
508948
508949
508932
508933
508934
508936
508935
508937
508927
508931
508929
508920
508921
508925
508924
508923
508922
508941
508943
508942
508938
508940
508939
508930
508928
508926
509451
509450
508952
508954
508950
508956
508951
508955
508953
508957
508788
508794
508785
508786
508787
508790
508789
508791
508792
508793
508711
508893
508892
508888
508889
508890
508894
508891
508885
508883
508884
508886
508887
508712
508850
508843
508844
508845
508846
508847
508848
508849
508851
508873
508876
508875
508874
508872
508871
508897
508902
508895
508896
508901
508900
508899
508898
508869
508870
508867
508858
508852
508853
508854
508855
508856
508857
508859
508860
508861
508865
508864
508863
508862
508877
508878
508882
508881
508880
508879
508868
508866
500234
508823
508824
508822
508821
508820
508828
508830
508838
508832
508836
508826
508842
508840
508834
508829
508831
508837
508835
508841
508833
508825
508839
508827
508691
508766
508769
508767
508768
508765
508764
508799
508797
508796
508801
508800
508795
508798
508804
508807
508810
508811
508815
508817
508819
508813
508784
508782
508780
508778
508770
508774
508772
508776
508783
508781
508779
508777
508775
508773
508771
508761
508759
508816
508818
508814
508802
508812
508803
508808
508806
508809
508805
508762
508760
508763
509212
508713
508754
508757
508756
508755
508758
508753
508752
508751
508750
508749
508745
508747
508746
508748
508734
508735
508736
508737
508738
508733
508732
508729
508730
508720
508721
508717
508714
508715
508716
508718
508719
508706
508707
508708
508705
508709
508710
508724
508726
508725
508727
508723
508722
508739
508740
508741
508742
508743
508744
508702
508699
508696
508697
508701
508700
508698
508703
508692
508694
508693
508695
508731
508728
508551
508555
508554
508556
508552
508553
508559
508557
508569
508565
508571
508563
508567
508561
508560
508562
508564
508566
508568
508570
508572
508558
508544
508547
508549
508550
508548
508545
508546
508585
508586
508587
508584
508541
508538
508539
508543
508542
508537
508540
508581
508573
508575
508574
508582
508576
508583
508580
508579
508578
508577
508689
508688
508686
508687
508685
508673
508674
508675
508676
508677
508678
508668
508670
508672
508663
508665
508662
508661
508664
508666
508679
508680
508682
508683
508684
508681
508671
508667
508669
508525
508513
508528
508522
508519
508516
508523
508524
508527
508520
508512
508514
508515
508517
508518
508526
508521
508511
508591
508588
508589
508590
508593
508592
508536
508533
508529
508534
508531
508532
508535
508530
508503
508509
508505
508504
508506
508508
508502
508507
508501
508500
508510
508477
508498
508497
508496
508495
508494
508493
508485
508484
508483
508482
508481
508492
508491
508490
508489
508488
508487
508486
508480
508479
508478
508499
508476
508461
508460
508463
508464
508465
508466
508467
508462
508647
508651
508649
508648
508652
508650
508636
508638
508639
508635
508637
508640
508634
508632
508630
508457
508458
508459
508454
508455
508456
508453
508657
508658
508659
508660
508655
508654
508653
508656
508626
508627
508628
508629
508625
508624
508644
508643
508642
508641
508646
508645
508633
508631
508301
508300
508298
508299
508903
508619
508623
508622
508618
508621
508620
508295
508446
508607
508606
508608
508611
508610
508609
508445
508447
508448
508449
508450
508451
508452
508605
508603
508601
508294
508435
508439
508438
508437
508434
508433
508432
508431
508430
508444
508443
508442
508441
508440
508436
508594
508599
508598
508597
508596
508595
508612
508614
508616
508615
508613
508617
508600
508604
508602
508704
500233
508419
508415
508416
508417
508418
508424
508423
508422
508421
508420
508414
508399
508402
508408
508411
508405
508406
508409
508407
508410
508403
508412
508398
508397
508401
508404
508413
508400
508369
508372
508367
508368
508370
508371
508428
508425
508429
508426
508427
508381
508379
508387
508385
508383
508373
508375
508377
508384
508378
508376
508382
508374
508386
508380
508388
508364
508362
508366
508363
508365
508346
508347
508348
508344
508345
508343
508334
508333
508336
508332
508335
508331
508326
508328
508330
508395
508396
508389
508390
508391
508394
508393
508392
508325
508322
508323
508320
508321
508324
508337
508338
508339
508341
508340
508342
508327
508329
508296
508297
508352
508351
508361
508349
508350
508353
508354
508355
508356
508357
508358
508359
508360
508312
508319
508313
508318
508317
508316
508315
508314
508308
508310
508309
508311
508290
508288
508292
508289
508291
508293
508303
508305
508306
508307
508302
508304
508163
508160
508161
508159
508164
508162
508165
508171
508179
508175
508169
508177
508167
508173
508174
508176
508178
508180
508166
508168
508170
508172
508155
508152
508156
508158
508154
508153
508157
508193
508192
508196
508195
508194
508188
508190
508184
508191
508181
508189
508187
508182
508186
508185
508183
508146
508147
508148
508145
508149
508151
508150
508286
508287
508285
508282
508283
508284
508270
508275
508274
508271
508272
508273
508268
508269
508266
508262
508261
508264
508263
508279
508281
508280
508277
508276
508278
508265
508267
508259
508260
508141
508142
508140
508143
508139
508137
508144
508138
508127
508133
508130
508136
508124
508121
508135
508134
508132
508131
508129
508123
508122
508128
508126
508125
508120
508119
508114
508107
508115
508116
508117
508108
508109
508110
508111
508112
508118
508113
508099
508105
508104
508103
508098
508097
508096
508095
508092
508091
508090
508089
508088
508087
508086
508085
508102
508101
508100
508084
508083
508094
508106
508093
508197
508074
508073
508079
508078
508075
508080
508076
508081
508082
508077
508198
508199
508474
508469
508475
508473
508472
508470
508471
508468
508066
508069
508067
508068
508070
508071
508072
508253
508256
508254
508258
508255
508257
508240
508241
508242
508243
508244
508245
508239
508238
508236
508252
508234
508229
508233
508231
508230
508232
508251
508250
508246
508249
508248
508247
508235
508237
507905
508690
508060
508065
508064
508061
508059
508063
508062
508058
508057
508056
508053
508054
508051
508052
508055
507903
500232
508224
508228
508227
508223
508225
508226
508214
508211
508212
508213
508215
508216
508210
508208
508206
508205
508203
508204
508202
508201
508200
508222
508220
508221
508219
508218
508217
508209
508207
507906
508048
508047
508046
508050
508044
508043
508049
508045
507904
508033
508038
508035
508034
508030
508037
508029
508032
508031
508036
508025
508028
508027
508026
508024
508019
508013
508022
508016
508020
508021
508023
508015
508011
508012
508014
508017
508018
508039
508041
508040
508042
508004
508010
508009
508007
508006
508005
508008
507977
507976
507975
507978
507979
507974
507986
507988
507990
507992
507980
507994
507982
507984
507983
507987
507989
507991
507993
507995
507985
507981
507971
507969
507972
507973
507970
507998
507996
507997
508002
508001
508000
507999
508003
507907
507908
507960
507957
507958
507959
507968
507961
507962
507963
507964
507965
507966
507967
507927
507926
507925
507924
507923
507922
507921
507920
507918
507914
507916
507911
507917
507915
507913
507910
507909
507912
507919
507956
507951
507955
507953
507954
507952
507939
507941
507940
507942
507943
507944
507938
507936
507934
507931
507929
507930
507932
507928
507933
507947
507949
507948
507946
507950
507945
507937
507935
507901
507897
507898
507899
507900
507902
507891
507894
507892
507895
507893
507896
507880
507881
507882
507883
507884
507879
507878
507874
507876
507869
507870
507871
507872
507873
507868
507886
507885
507890
507889
507888
507887
507875
507877
507864
507861
507862
507863
507865
507866
507867
507853
507849
507850
507851
507852
507854
507847
507848
507845
507840
507839
507838
507843
507842
507841
507858
507859
507860
507857
507856
507855
507844
507846
507833
507836
507834
507832
507837
507835
507821
507823
507824
507825
507820
507822
507819
507816
507818
507813
507814
507811
507810
507812
507809
507827
507830
507831
507829
507828
507826
507815
507817
507808
507807
507804
507803
507805
507806
507796
507795
507794
507793
507801
507799
507802
507800
507797
507798
507792
507791
507786
507788
507790
507783
507781
507780
507779
507784
507782
507785
507789
507787
507761
507768
507770
507760
507771
507763
507769
507766
507765
507759
507762
507767
507764
507757
507756
507758
507703
507700
507701
507705
507704
507706
507702
507715
507719
507718
507716
507717
507714
507748
507751
507752
507750
507749
507720
507726
507724
507728
507730
507732
507735
507722
507727
507723
507729
507731
507725
507733
507721
507736
507734
507712
507713
507707
507710
507709
507708
507711
507740
507738
507744
507745
507737
507747
507746
507742
507741
507743
507739
507652
507655
507649
507646
507661
507658
507656
507657
507659
507660
507644
507645
507650
507651
507647
507648
507653
507654
507694
507696
507697
507698
507695
507693
507686
507683
507685
507684
507689
507691
507690
507687
507688
507692
507682
507681
507676
507680
507678
507670
507671
507672
507673
507674
507675
507679
507677
507669
507664
507662
507665
507666
507668
507667
507663
507643
507642
507641
507640
507639
507635
507633
507638
507637
507634
507636
507610
507609
507619
507620
507611
507612
507632
507631
507630
507629
507628
507627
507626
507625
507624
507623
507622
507621
507618
507617
507616
507615
507614
507613
507602
507601
507604
507608
507605
507603
507606
507607
507557
507562
507563
507561
507560
507559
507558
507593
507594
507595
507596
507597
507598
507600
507599
507587
507588
507589
507590
507591
507592
507575
507579
507577
507580
507576
507578
507574
507572
507570
507569
507568
507567
507564
507566
507565
507581
507582
507583
507584
507585
507586
507573
507571
507386
507438
507426
507437
507427
507428
507436
507435
507432
507431
507430
507429
507434
507433
507541
507542
507537
507538
507539
507540
507526
507530
507525
507529
507528
507527
507524
507521
507523
507514
507515
507516
507518
507517
507519
507531
507536
507535
507534
507533
507532
507522
507520
507490
507487
507484
507481
507478
507475
507483
507488
507482
507479
507476
507486
507477
507485
507474
507489
507480
507473
507553
507556
507552
507555
507554
507549
507550
507551
507512
507510
507513
507511
507509
507507
507508
507506
507385
507547
507546
507545
507548
507544
507543
507778
507777
507776
507775
500231
507497
507498
507499
507492
507493
507495
507494
507501
507500
507496
507505
507502
507503
507504
507448
507446
507445
507447
507449
507468
507469
507471
507466
507465
507470
507472
507467
507463
507451
507453
507461
507455
507457
507459
507452
507464
507450
507462
507458
507454
507456
507460
507444
507439
507441
507440
507442
507443
507772
507387
507390
507391
507392
507389
507388
507421
507424
507422
507419
507423
507420
507425
507410
507411
507412
507409
507407
507408
507403
507405
507406
507395
507394
507393
507400
507399
507397
507401
507396
507398
507418
507417
507416
507414
507413
507415
507402
507404
507380
507379
507381
507384
507382
507383
507374
507376
507372
507377
507368
507370
507366
507373
507375
507369
507371
507367
507362
507363
507364
507361
507360
507329
507331
507330
507332
507327
507328
507345
507343
507347
507333
507335
507337
507339
507341
507346
507336
507338
507344
507340
507334
507342
507320
507323
507326
507325
507322
507324
507321
507356
507352
507351
507355
507354
507358
507357
507353
507359
507350
507348
507349
507314
507315
507317
507318
507319
507316
507313
507263
507272
507266
507269
507264
507265
507267
507268
507270
507271
507262
507260
507257
507258
507255
507259
507261
507256
507308
507310
507309
507307
507306
507311
507294
507297
507296
507299
507295
507298
507290
507292
507293
507288
507287
507283
507284
507285
507286
507301
507300
507303
507304
507302
507305
507289
507291
507280
507249
507250
507252
507253
507251
507244
507254
507248
507247
507246
507245
507278
507276
507275
507279
507277
507273
507274
507243
507221
507241
507240
507236
507235
507234
507233
507232
507231
507239
507238
507237
507230
507229
507228
507227
507226
507225
507224
507223
507222
507242
507220
507168
507166
507170
507169
507171
507165
507167
507753
507699
507773
507208
507210
507211
507207
507209
507218
507219
507216
507214
507212
507213
507215
507217
507774
507754
507755
507203
507198
507200
507202
507201
507199
507185
507184
507189
507187
507188
507186
507205
507206
507204
507183
507179
507181
507197
507176
507174
507175
507177
507173
507172
507191
507192
507196
507195
507194
507193
507190
507178
507182
507180
507156
507151
507150
507152
507155
507154
507153
507162
507157
507164
507158
507159
507163
507160
507161
507114
507113
507120
507115
507116
507117
507118
507119
507149
507144
507145
507146
507147
507148
507133
507135
507134
507137
507136
507132
507131
507143
507140
507142
507139
507138
507141
507130
506988
507129
507127
506987
507121
507122
507125
507126
507124
507123
507128
507378
500230
507103
507104
507100
507106
507105
507099
507107
507102
507101
507108
507109
507110
507111
507112
506968
507491
507086
507089
507092
507098
507095
507096
507097
507091
507093
507087
507088
507090
507094
507083
507084
507081
507085
507082
507025
507024
507023
507022
507021
507026
507010
507011
507014
507009
507012
507013
507006
507008
507004
506983
506985
506981
506984
506982
506986
506999
507000
506998
507003
507002
507001
507015
507020
507018
507019
507017
507016
507005
507007
507049
507045
507050
507048
507046
507047
507076
507077
507078
507079
507080
507074
507075
507054
507052
507060
507058
507056
507062
507064
507065
507055
507063
507059
507053
507057
507061
507051
507040
507042
507043
507044
507041
506589
507072
507069
507067
507066
507073
507068
507071
507070
506989
507030
507034
507027
507028
507029
507039
507031
507032
507033
507035
507038
507037
507036
506993
506996
506995
506994
506997
506992
506991
506990
506977
506975
506979
506973
506980
506978
506976
506972
506974
506969
506971
506970
506960
506962
506958
506961
506959
506929
506931
506927
506932
506928
506930
506934
506944
506946
506942
506936
506938
506940
506941
506935
506945
506937
506943
506939
506933
506923
506920
506926
506925
506921
506922
506924
506907
506912
506908
506911
506909
506906
506910
506894
506899
506895
506896
506897
506898
506893
506890
506892
506914
506913
506916
506917
506918
506915
506919
506883
506888
506884
506885
506887
506886
506900
506905
506904
506901
506902
506903
506891
506889
506874
506865
506868
506871
506859
506862
506872
506873
506869
506870
506857
506861
506863
506864
506866
506867
506858
506860
506948
506947
506957
506949
506950
506956
506955
506954
506953
506952
506951
506880
506882
506881
506878
506877
506876
506875
506879
506856
506855
506846
506847
506848
506849
506850
506851
506852
506853
506854
506836
506833
506822
506845
506844
506843
506842
506832
506831
506829
506828
506841
506840
506827
506826
506839
506825
506838
506824
506837
506823
506830
506834
506835
506816
506821
506820
506819
506818
506814
506817
506815
506769
506772
506771
506770
506768
506773
506774
507312
506805
506800
506801
506802
506803
506804
506789
506791
506792
506787
506788
506790
506808
506812
506810
506807
506806
506809
506813
506811
506782
506784
506786
506776
506779
506777
506780
506778
506775
506794
506795
506797
506798
506799
506796
506793
506781
506785
506783
507281
507365
506748
506750
506746
506751
506747
506752
506749
506735
506738
506737
506734
506739
506736
506766
506760
506767
506762
506765
506764
506763
506761
506731
506729
506733
506726
506727
506725
506728
506741
506742
506743
506744
506745
506740
506732
506730
506724
506723
506756
506755
506754
506753
506757
506759
506758
506597
506596
506716
506722
506715
506720
506719
506718
506717
506721
500229
506695
506692
506686
506701
506698
506689
506691
506690
506687
506694
506696
506685
506693
506684
506697
506700
506688
506699
506702
506709
506710
506708
506704
506705
506706
506707
506703
506711
506712
506713
506714
506659
506655
506660
506658
506656
506657
506668
506671
506673
506675
506662
506664
506666
506661
506672
506670
506663
506674
506665
506667
506652
506650
506669
506653
506654
506651
506678
506683
506677
506682
506680
506676
506679
506681
506642
506637
506638
506639
506640
506641
506643
506644
506645
506646
506647
506648
506649
506593
506591
506595
506592
506590
506594
506598
506632
506636
506633
506631
506634
506635
506623
506619
506621
506622
506624
506620
506616
506618
506614
506607
506609
506610
506611
506612
506608
506627
506628
506629
506630
506626
506625
506617
506615
506613
506602
506605
506604
506603
506606
506601
506600
506599
506585
506583
506581
506577
506584
506580
506582
506578
506586
506575
506576
506579
506570
506573
506572
506571
506574
506541
506543
506544
506540
506539
506542
506546
506556
506554
506552
506548
506550
506558
506555
506547
506553
506549
506557
506551
506545
506535
506532
506534
506537
506538
506536
506533
506479
506485
506488
506476
506482
506484
506481
506483
506477
506486
506478
506480
506487
506473
506475
506471
506472
506474
506528
506526
506529
506525
506531
506527
506530
506561
506559
506560
506569
506562
506563
506564
506565
506566
506567
506568
506524
506523
506967
506520
506519
506521
506522
506509
506507
506508
506510
506511
506512
506505
506503
506506
506497
506499
506500
506501
506502
506498
506514
506518
506516
506515
506517
506513
506504
506464
506466
506463
506468
506470
506469
506467
506465
506461
506460
506462
506495
506493
506496
506492
506489
506491
506494
506490
506381
506379
506382
506380
506386
506383
506384
506385
506448
506447
506459
506449
506450
506451
506458
506457
506456
506455
506454
506453
506452
506446
506445
506444
506443
506442
506441
506440
506439
506438
506437
506436
506963
506587
506588
506413
506414
506417
506415
506419
506416
506418
506403
506400
506404
506402
506401
506399
506394
506396
506398
506412
506392
506391
506390
506389
506388
506387
506410
506411
506409
506408
506407
506406
506405
506393
506395
506397
506421
506424
506423
506427
506425
506420
506426
506422
506965
506964
506966
506362
506363
506358
506361
506360
506359
506348
506350
506349
506351
506347
506346
506342
506345
506344
506430
506431
506432
506433
506434
506435
506429
506428
506336
506337
506341
506338
506340
506339
506353
506354
506355
506357
506352
506356
506343
506325
506326
506327
506324
506323
506378
506377
506376
506373
506374
506372
506371
506375
506191
506190
506329
506328
506330
506365
506364
506335
506370
506369
506368
506367
506366
506334
506333
506332
506331
500228
506322
506316
506317
506318
506320
506313
506319
506315
506314
506189
506321
506265
506266
506290
506294
506289
506293
506291
506292
506288
506277
506267
506279
506271
506269
506275
506273
506270
506272
506268
506278
506274
506276
506264
506261
506263
506262
506256
506258
506259
506260
506257
506303
506306
506300
506297
506312
506309
506301
506302
506304
506305
506311
506296
506295
506299
506298
506310
506307
506308
506284
506280
506281
506282
506287
506286
506285
506283
506192
506237
506238
506242
506240
506239
506241
506244
506245
506243
506247
506248
506249
506250
506255
506251
506252
506253
506254
506246
506227
506225
506228
506229
506230
506226
506222
506220
506224
506215
506216
506217
506218
506213
506214
506235
506234
506233
506236
506232
506231
506219
506223
506221
506183
506184
506185
506186
506187
506188
506201
506199
506203
506198
506200
506202
506193
506204
506196
506195
506194
506197
506212
506210
506205
506209
506206
506208
506207
506211
506180
506181
506182
506179
506146
506150
506145
506149
506148
506147
506178
506157
506155
506163
506152
506161
506165
506159
506151
506160
506156
506158
506166
506164
506162
506153
506141
506138
506154
506139
506140
506142
506143
506144
506136
506137
506135
506133
506131
506134
506132
506170
506173
506175
506171
506172
506174
506169
506177
506168
506167
506176
506116
506107
506122
506110
506113
506119
506106
506117
506121
506118
506111
506115
506112
506108
506105
506120
506109
506114
506126
506123
506129
506127
506130
506128
506125
506124
506099
506094
506095
506101
506100
506104
506093
506098
506097
506096
506102
506103
506080
506091
506090
506089
506088
506087
506086
506085
506084
506083
506078
506077
506076
506075
506074
506071
506073
506072
506070
506069
506082
506081
506092
506079
506061
506065
506062
506067
506063
506066
506064
506068
506055
506053
506060
506056
506054
506059
506058
506057
506049
506046
506047
506051
506050
506052
506048
505922
506040
506044
506041
506042
506043
506039
506045
506038
506034
506032
506033
506035
506036
506031
506037
500227
506023
506027
506024
506028
506026
506029
506030
506025
505921
505923
506009
506015
506012
506013
506010
506011
506017
506016
506018
506014
506020
506019
506021
506022
506008
505993
505996
505999
506005
506002
506007
506006
506004
506003
506001
506000
505998
505997
505995
505994
505992
505991
505963
505967
505965
505968
505966
505964
505978
505980
505982
505970
505972
505974
505976
505981
505973
505971
505969
505977
505975
505979
505958
505960
505959
505962
505961
505920
505914
505918
505917
505915
505919
505916
505986
505989
505988
505987
505990
505985
505984
505983
505952
505945
505946
505947
505948
505949
505950
505957
505956
505955
505954
505953
505951
505924
505940
505942
505944
505941
505943
505939
505938
505937
505933
505931
505935
505927
505932
505936
505928
505925
505930
505934
505926
505929
505901
505897
505893
505895
505899
505896
505900
505898
505894
505883
505886
505881
505882
505884
505885
505889
505887
505891
505888
505892
505890
505877
505875
505876
505879
505880
505878
505908
505907
505912
505913
505909
505906
505905
505904
505903
505902
505910
505911
505868
505873
505872
505871
505874
505870
505869
505852
505850
505851
505853
505855
505858
505861
505864
505867
505856
505857
505862
505854
505860
505865
505859
505866
505863
505842
505841
505843
505844
505845
505846
505847
505848
505840
505839
505849
505825
505827
505824
505829
505830
505828
505826
505831
505834
505835
505832
505836
505833
505837
505838
505820
505817
505818
505822
505821
505823
505819
505812
505815
505814
505813
505816
505811
505810
505809
505808
505800
505806
505807
505804
505805
505802
505801
505803
505748
505752
505749
505750
505751
505753
505776
505781
505777
505779
505780
505778
505784
505790
505796
505793
505799
505787
505758
505756
505754
505760
505766
505764
505762
505765
505763
505757
505767
505759
505761
505755
505745
505782
505789
505791
505794
505783
505798
505797
505785
505786
505795
505788
505792
505747
505746
505744
505722
505771
505775
505773
505769
505770
505774
505768
505772
505731
505741
505735
505737
505736
505738
505740
505733
505739
505734
505732
505743
505742
505729
505724
505723
505730
505725
505728
505727
505726
505623
505620
505611
505614
505626
505617
505612
505615
505616
505618
505625
505619
505621
505622
505624
505609
505613
505610
505683
505682
505685
505686
505684
505681
505716
505717
505715
505713
505714
505688
505696
505700
505694
505692
505690
505698
505691
505693
505697
505699
505701
505687
505695
505689
505674
505677
505675
505676
505678
505679
505680
505658
505659
505662
505660
505657
505661
505663
505650
505649
505646
505647
505648
505645
505641
505644
505643
505668
505667
505671
505670
505669
505672
505673
505636
505637
505638
505635
505640
505639
505656
505655
505652
505651
505654
505653
505642
505711
505712
505702
505709
505707
505708
505705
505704
505703
505706
505710
505601
505602
505603
505604
505598
505599
505605
505606
505607
505608
505600
505634
505633
505627
505632
505628
505631
505630
505629
505596
505593
505592
505591
505590
505589
505588
505587
505586
505585
505584
505583
505582
505581
505580
505579
505578
505577
505576
505575
505574
505597
505594
505595
505572
505568
505573
505570
505566
505569
505567
505571
505560
505559
505561
505563
505562
505564
505565
505558
505553
505555
505557
505556
505554
505552
505543
505544
505540
505541
505542
505539
505534
505536
505538
505520
505522
505523
505524
505521
505526
505525
505528
505529
505530
505531
505527
505532
505550
505546
505547
505548
505549
505551
505545
505533
505535
505537
505470
505469
505471
505472
505473
505474
505475
505476
505506
505505
505507
505508
505509
505510
505511
505517
505512
505519
505513
505514
505518
505515
505516
505503
505501
505502
505504
505500
505499
505491
505492
505488
505487
505489
505490
505486
505485
505483
505337
505479
505477
505478
505482
505481
505480
505494
505495
505496
505493
505498
505497
505484
505454
505457
505458
505459
505456
505455
505463
505461
505462
505718
505719
505720
505721
500226
505460
505468
505467
505466
505465
505464
505450
505453
505444
505438
505441
505447
505449
505451
505437
505452
505439
505440
505436
505442
505443
505445
505446
505448
505408
505412
505409
505410
505411
505413
505415
505427
505421
505425
505419
505417
505423
505418
505414
505416
505420
505426
505424
505422
505403
505405
505404
505406
505407
505431
505434
505433
505432
505435
505430
505429
505428
505384
505377
505372
505374
505375
505376
505373
505371
505367
505369
505360
505361
505363
505362
505364
505365
505338
505380
505382
505379
505378
505381
505383
505370
505366
505368
505385
505388
505386
505390
505387
505389
505398
505391
505399
505392
505393
505402
505397
505401
505395
505400
505396
505394
505354
505357
505356
505355
505358
505353
505352
505359
505334
505333
505331
505336
505332
505335
505347
505339
505350
505343
505345
505346
505348
505349
505341
505340
505342
505344
505298
505299
505301
505297
505300
505296
505312
505316
505314
505302
505304
505306
505308
505310
505315
505305
505311
505307
505313
505309
505303
505292
505289
505290
505291
505293
505294
505295
505278
505281
505279
505276
505280
505277
505268
505267
505266
505265
505264
505269
505263
505259
505261
505328
505329
505327
505326
505256
505253
505257
505255
505254
505258
505271
505272
505273
505274
505275
505270
505262
505260
505321
505319
505320
505322
505323
505318
505325
505324
505317
505227
505282
505288
505283
505284
505285
505287
505286
505235
505238
505232
505229
505244
505241
505236
505237
505243
505242
505233
505228
505234
505230
505231
505239
505240
505251
505248
505247
505246
505250
505252
505249
505245
505174
505171
505173
505176
505172
505175
505223
505219
505218
505217
505226
505224
505225
505222
505221
505196
505195
505194
505193
505161
505160
505159
505158
505197
505198
505199
505200
505201
505202
505203
505204
505205
505206
505207
505208
505209
505210
505211
505212
505213
505214
505215
505216
505162
505163
505154
505157
505156
505220
505150
505149
505151
505152
505166
505164
505165
505167
505168
505169
505170
505153
505155
505147
505148
505664
505666
505665
505188
505190
505189
505186
505191
505185
505192
505187
505177
505179
505183
505180
505181
505182
505184
505178
505146
505145
505144
505143
505141
505140
505142
505118
505121
505124
505122
505120
505123
505119
505110
505106
505107
505108
505109
505111
505131
505125
505127
505128
505129
505130
505126
505117
505112
505113
505114
505115
505116
505105
505101
505103
505095
505097
505096
505094
505099
505098
505102
505104
505100
505139
505133
505136
505134
505135
505138
505137
505132
504962
505088
505087
505086
505090
505089
505091
505092
505093
505351
500225
505079
505078
505080
505074
505073
505076
505077
505075
505069
505072
505060
505066
505063
505065
505070
505071
505059
505064
505068
505061
505058
505062
505067
505057
505056
505055
504943
505083
505084
505085
505082
505081
505023
505019
505024
505022
505020
505021
505048
505047
505046
505045
505044
505040
505049
505054
505050
505051
505052
505053
505041
505043
505042
505034
505032
505036
505030
505026
505028
505038
505025
505027
505029
505039
505037
505031
505035
505033
505014
505016
505015
505018
505017
505012
505002
505001
505003
505004
505005
505006
505007
505013
505008
505010
505011
505009
504957
504958
504961
504959
504960
504956
504963
504964
504998
504996
504995
504999
504997
505000
504986
504988
504987
504984
504983
504985
504979
504981
504982
504972
504965
504966
504971
504970
504969
504968
504967
504975
504974
504977
504978
504976
504973
504994
504993
504992
504991
504990
504989
504980
504951
504954
504952
504944
504955
504946
504947
504949
504950
504953
504945
504948
504922
504926
504918
504919
504924
504921
504923
504925
504920
504911
504913
504909
504912
504914
504910
504915
504916
504917
504905
504902
504903
504904
504906
504907
504908
504940
504941
504942
504939
504938
504898
504895
504896
504900
504899
504901
504897
504934
504933
504935
504936
504937
504927
504928
504929
504930
504931
504932
504851
504857
504854
504842
504848
504845
504853
504852
504850
504856
504855
504841
504849
504847
504846
504844
504840
504843
504894
504893
504892
504891
504890
504889
504881
504882
504877
504878
504879
504880
504873
504876
504875
504871
504868
504867
504870
504869
504866
504883
504885
504886
504888
504887
504884
504872
504874
504865
504858
504863
504860
504862
504864
504859
504861
504834
504838
504837
504839
504835
504830
504828
504833
504832
504829
504831
504806
504805
504807
504822
504823
504804
504827
504826
504825
504821
504820
504819
504818
504817
504816
504815
504814
504813
504812
504811
504810
504809
504808
504824
504836
505330
504787
504781
504782
504783
504784
504785
504786
504769
504771
504772
504770
504767
504768
504788
504794
504795
504789
504793
504790
504791
504792
504766
504762
504764
504749
504748
504750
504751
504752
504753
504754
504780
504802
504801
504796
504797
504798
504799
504800
504803
504755
504760
504759
504756
504757
504758
504774
504775
504776
504777
504778
504779
504773
504765
504763
504761
504736
504734
504735
504738
504737
504739
504733
504732
504731
504728
504729
504730
504718
504716
504717
504720
504719
504721
504715
504711
504713
504708
504709
504707
504706
504704
504705
504726
504725
504724
504722
504727
504723
504712
504714
504710
504579
504701
504703
504702
504696
504700
504699
504698
504697
504746
504742
504745
504741
504744
504747
504740
504743
500224
504683
504686
504690
504689
504685
504684
504691
504687
504688
504670
504679
504682
504667
504673
504676
504666
504678
504677
504681
504669
504671
504668
504675
504665
504674
504680
504672
504640
504644
504643
504642
504641
504645
504662
504660
504659
504664
504692
504693
504694
504657
504695
504661
504663
504658
504649
504651
504652
504654
504655
504648
504646
504656
504653
504650
504647
504635
504637
504639
504638
504636
504622
504626
504627
504628
504629
504630
504631
504633
504632
504625
504624
504623
504634
504581
504613
504616
504614
504612
504617
504615
504580
504605
504604
504600
504601
504602
504603
504599
504598
504596
504590
504591
504594
504593
504595
504592
504611
504610
504608
504609
504607
504606
504597
504589
504588
504587
504586
504585
504584
504583
504582
504578
504577
504576
504573
504574
504575
504571
504567
504569
504566
504564
504570
504572
504568
504561
504563
504565
504562